# Created by Octave 4.0.3, Fri Dec 23 20:10:32 2016 GMT <unknown@Lily>
# name: v
# type: matrix
# rows: 1
# columns: 4
 1 2 3 4


